    1    2.03        0.4     0.0075    0.0383    0.0271 0.2221 0.0149  18.18   2.24   23.00   0.02   23.00   0.02  -0.0937 0.0521  0.556 1.19372   0.994  0.0205  0.0202        4.305       5.8312   -1.58   -1.91      9     13  -0.00936   0.007     0.021  0.0125    0.0095 0.00603  -0.00606 0.00438    13     0   1  0     INDEF   2.0
    2    2.23      0.381    0.00744    0.0379    0.0268 0.2221 0.0168  18.18   2.48   23.00   0.02   23.00   0.02  -0.0905 0.0456  0.503 1.22250    1.05  0.0214   0.021       5.0903       5.8312   -1.77   -1.91     11     13   -0.0137 0.00835    0.0232  0.0126   0.00209 0.00446  -0.00556 0.00514    13     0   1  0     INDEF   2.0
    3    2.46      0.361    0.00694    0.0367     0.026 0.2221 0.0130  18.18   1.95   23.00   0.02   23.00   0.02  -0.0872 0.0396  0.454 1.25198    1.11  0.0211  0.0207       5.8378       8.6589   -1.92   -2.34     13     21  -0.00821 0.00767   0.00966 0.00788  -9.93E-5 0.00673  -0.00118 0.00653    14     0   1  0     INDEF   2.0
    4    2.70       0.34    0.00681    0.0373    0.0264 0.2221 0.0111  18.18   1.63   23.00   0.02   23.00   0.02  -0.0835 0.0329  0.394 1.28217    1.17   0.022  0.0215       7.9916       8.6589   -2.26   -2.34     19     21  -0.00511 0.00603    0.0102 0.00692  -2.86E-4 0.00542  -0.00583 0.00586    15     0   1  0     INDEF   2.0
    5    2.97      0.317    0.00573    0.0334    0.0236 0.2221 0.0110  18.18   1.67   23.00   0.02   23.00   0.02  -0.0801  0.026  0.325 1.31309    1.25  0.0198  0.0194       8.6589       9.8519   -2.34   -2.48     21     25    0.0053  0.0063    0.0102  0.0067   0.00627 0.00582  -0.00735 0.00575    17     0   1  0     INDEF   2.0
    6    3.27      0.293    0.00519    0.0312     0.022 0.2221 0.0105  18.18   1.54   23.00   0.02   23.00   0.02  -0.0718 0.0213  0.296 1.34475    1.33  0.0194  0.0191       10.461       13.114   -2.55   -2.79     27     37   0.00894 0.00579     0.011  0.0061   0.00646 0.00506  -0.00522 0.00494    18     0   1  0     INDEF   2.0
    7    3.60       0.27    0.00463    0.0293    0.0207 0.2221 0.0086  18.18   1.27   23.00   0.02   23.00   0.02  -0.0714 0.0167  0.234 1.37718    1.42  0.0188  0.0185        11.55       13.114   -2.66   -2.79     31     37   0.00766 0.00481   0.00844 0.00485   0.00339 0.00429  -0.00505 0.00434    20     0   1  0     INDEF   2.0
    8    3.96      0.244    0.00382    0.0254    0.0179 0.2221 0.0085  18.18   1.24   23.00   0.02   23.00   0.02  -0.0617 0.0128  0.208 1.41039    1.53  0.0171  0.0169       13.164       14.981    -2.8   -2.94     37     45   0.00784  0.0047   0.00909 0.00476   0.00811 0.00402  -0.00699  0.0039    22     0   1  0     INDEF   2.0
    9    4.35       0.22    0.00333    0.0231    0.0163 0.2221 0.0074  18.18   1.08   23.00   0.02   23.00   0.02  -0.0558 0.0103  0.184 1.44440    1.64  0.0166  0.0163       15.456       18.133   -2.97   -3.15     47     61   0.00864 0.00402   0.00833 0.00399   0.00528  0.0036   -0.0022  0.0035    24     0   1  0     INDEF   2.0
   10    4.79      0.196    0.00297    0.0219    0.0155 0.2221 0.0072  18.18   1.08   23.00   0.02   23.00   0.02  -0.0507 0.0087  0.172 1.47923    1.77  0.0166  0.0164       17.147       19.534   -3.09   -3.23     55     69   0.00958 0.00326    0.0143 0.00369   0.00593 0.00267   0.00285 0.00246    27     0   1  0     INDEF   2.0
   11    5.27      0.171    0.00291    0.0222    0.0157 0.2221 0.0108  18.18   1.57   23.00   0.03   23.00   0.03  -0.0403 0.0077   0.19 1.51490    1.92  0.0186  0.0183       19.978       22.547   -3.25   -3.38     71     89    0.0129 0.00485    0.0231 0.00607    0.0067 0.00403   0.00556 0.00397    29     0   1  0     INDEF   2.0
   12    5.79       0.15    0.00279    0.0223    0.0158 0.2221 0.0108  18.18   1.58   23.00   0.03   23.00   0.04  -0.0352 0.0066  0.186 1.55143    2.06  0.0204    0.02       21.598       24.139   -3.34   -3.46     81    101    0.0112 0.00488    0.0249  0.0064   0.00805 0.00409   0.00887 0.00415    32     0   1  0     INDEF   2.0
   13    6.37       0.13    0.00257    0.0215    0.0152 0.2221 0.0107  18.18   1.56   23.00   0.04   23.00   0.04  -0.0296 0.0052  0.175 1.58884    2.22  0.0217  0.0213       24.588       27.265   -3.48   -3.59    103    129   0.00417 0.00528    0.0231 0.00663    0.0115 0.00483    0.0113 0.00483    35     0   1  0     INDEF   2.0
   14    7.01      0.111    0.00208    0.0184     0.013 0.2221 0.0086  18.18   1.27   23.00   0.03   23.00   0.04  -0.0274 0.0038  0.139 1.62715    2.39  0.0206  0.0202       26.747       29.164   -3.57   -3.66    121    149   0.00472 0.00477    0.0153 0.00514   0.00663 0.00382    0.0161  0.0043    39     0   1  0     INDEF   2.0
   15    7.71     0.0917    0.00166    0.0154    0.0109 0.2221 0.0086  18.18   1.27   23.00   0.04   23.00   0.04  -0.0215 0.0029  0.136 1.66639    2.59  0.0199  0.0195       29.162       32.018   -3.66   -3.76    145    185    0.0131 0.00497     0.013 0.00491    0.0101 0.00409    0.0126 0.00418    43     0   1  0     INDEF   2.0
   16    8.48     0.0751    0.00153    0.0148    0.0105 0.2221 0.0093  18.18   1.36   23.00   0.04   23.00   0.05  -0.0172 0.0025  0.148 1.70657    2.81  0.0223  0.0219       31.342       34.264   -3.74   -3.84    171    221    0.0193 0.00569   0.00919 0.00508    0.0153 0.00489   0.00218 0.00433    47     0   1  0     INDEF   2.0
   17    9.33     0.0605    0.00152    0.0155     0.011 0.2221 0.0107  18.18   1.58   23.00   0.05   23.00   0.06  -0.0155  0.002   0.13 1.74772    3.05  0.0276   0.027       34.218       36.975   -3.84   -3.92    213    277    0.0181  0.0066   0.00986 0.00624    0.0235 0.00568    0.0134 0.00505    52     0   1  0     INDEF   2.0
   18   10.26     0.0461     0.0011    0.0118   0.00833 0.2221 0.0113  18.18   1.66   23.00   0.06   23.00   0.07  -0.0111 0.0013  0.116 1.78987    3.34  0.0263  0.0257       36.343       39.074    -3.9   -3.98    253    333    0.0203 0.00698   0.00623 0.00657    0.0253 0.00575    0.0192 0.00539    57     0   1  0     INDEF   2.0
   19   11.29     0.0346    7.42E-4   0.00827   0.00584 0.2221 0.0101  18.18   1.46   23.00   0.06   23.00   0.07 -0.00757 8.3E-4  0.109 1.83303    3.65  0.0235   0.023       38.747       40.964   -3.97   -4.03    313    401    0.0174 0.00621  -0.00171 0.00595     0.021 0.00557    0.0101 0.00523    62     0   1  0     INDEF   2.0
   20   12.42     0.0261    5.63E-4   0.00657   0.00465 0.2221 0.0118  18.18   1.71   23.00   0.08   23.00   0.09 -0.00575 5.9E-4  0.102 1.87723    3.96  0.0237  0.0232       40.556       42.757   -4.02   -4.08    373    489    0.0174 0.00732  -0.00419 0.00716    0.0238 0.00654    0.0176 0.00638    68     0   1  0     INDEF   2.0
   21   13.66      0.019    4.64E-4   0.00568   0.00402 0.2221 0.0043  18.18   0.63   23.00   0.03   23.00   0.04  -0.0131  INDEF  INDEF 1.92249    4.31  0.0269  0.0263       42.366       44.333   -4.07   -4.12    453    593   0.00284 0.00349   0.00481 0.00468   0.00429 0.00431   1.60E-4 0.00262    75     0   1  0     INDEF   2.0
   22   15.03     0.0142    3.59E-4   0.00463   0.00327 0.2221 0.0028  18.18   0.41   23.00   0.02   23.00   0.03  -0.0164  INDEF  INDEF 1.96885    4.62  0.0278  0.0271       43.993       45.566   -4.11   -4.15    553    709   7.32E-4 0.00173   0.00658 0.00551   0.00464 0.00402  -4.96E-4 0.00159    83     0   1  0     INDEF   2.0
   23   16.53    0.00971    3.11E-4    0.0042   0.00297 0.2221 0.0020  18.18   0.29   23.00   0.02   23.00   0.02  -0.0205  INDEF  INDEF 2.01633    5.03  0.0354  0.0342       45.409        46.75   -4.14   -4.17    673    861   0.00133  0.0016   0.00318 0.00281  -2.66E-4  0.0012   0.00158 0.00174    91     0   1  0     INDEF   2.0
   24   18.18    0.00698    2.54E-4    0.0036   0.00254 0.2221 0.0012  18.18   0.17   23.00   0.01   23.00   0.01  -0.0256  INDEF  INDEF 2.06495    5.39  0.0403  0.0389       46.547       47.704   -4.17    -4.2    809   1041   4.05E-4 8.02E-4   4.82E-4 8.31E-4   0.00145 0.00136  -1.01E-4 7.26E-4   100     0   1  0     INDEF   2.0
   25   20.00    0.00505    2.86E-4   0.00424     0.003 0.2221 0.0007  18.18   0.11   23.00   0.01   23.00   0.01    -0.04  INDEF  INDEF 2.11474    5.74  0.0632  0.0598       47.504       48.485   -4.19   -4.21    981   1257   3.58E-5 4.66E-4   1.49E-4 4.82E-4   1.27E-4 4.74E-4  -3.89E-4 5.59E-4   110     0   1  0     INDEF   2.0
   26   22.00    0.00321    2.46E-4   0.00361   0.00255 0.2221 0.0008  18.18   0.10   23.00   0.01   23.00   0.01   -0.032  INDEF  INDEF 2.16574    6.23  0.0865  0.0801       48.283       49.132   -4.21   -4.23   1179   1515   1.32E-4 4.65E-4  -6.24E-4 6.82E-4  -3.09E-4 5.19E-4   1.34E-5 4.57E-4   108    13   1  0     INDEF   2.0
